1 0.18875 0.29744525547445255 0.0525 0.07664233576642336
1 0.40375 0.27007299270072993 0.0675 0.10218978102189781
1 0.57375 0.2664233576642336 0.0575 0.08759124087591241
2 0.7525 0.2664233576642336 0.055 0.072992700729927
2 0.95125 0.29014598540145986 0.0525 0.06934306569343066
2 0.96625 0.08759124087591241 0.0325 0.043795620437956206
2 0.63625 0.041970802919708027 0.0175 0.040145985401459854
1 0.43875 0.10218978102189781 0.0175 0.029197080291970802
2 0.15375 0.10401459854014598 0.0175 0.032846715328467155
2 0.07 0.09671532846715329 0.015 0.032846715328467155
2 0.015 0.09306569343065693 0.02 0.025547445255474453
