1 0.0475 0.48847926267281105 0.02 0.04608294930875576
1 0.135 0.5506912442396313 0.035 0.06912442396313365
1 0.18375 0.5299539170506913 0.0575 0.11981566820276497
1 0.23125 0.5046082949308756 0.0325 0.06912442396313365
1 0.3225 0.6797235023041475 0.06 0.10599078341013825
1 0.11875 0.42857142857142855 0.0225 0.03686635944700461
1 0.2975 0.43548387096774194 0.025 0.05069124423963134
1 0.33625 0.5138248847926268 0.0275 0.041474654377880185
1 0.44375 0.4769585253456221 0.0275 0.041474654377880185
1 0.4225 0.6474654377880185 0.03 0.05069124423963134
1 0.4975 0.46774193548387094 0.02 0.059907834101382486
1 0.53875 0.5023041474654378 0.0325 0.06451612903225806
1 0.52625 0.6244239631336406 0.0425 0.1336405529953917
1 0.46625 0.3778801843317972 0.0175 0.03686635944700461
1 0.42375 0.3824884792626728 0.0225 0.03686635944700461
1 0.64375 0.5069124423963134 0.0425 0.06451612903225806
1 0.57875 0.4377880184331797 0.0225 0.03686635944700461
1 0.78 0.695852534562212 0.13 0.2488479262672811
1 0.9625 0.41935483870967744 0.04 0.09216589861751152
1 0.875 0.4539170506912442 0.025 0.05069124423963134
1 0.07625 0.5990783410138248 0.0175 0.03686635944700461
